000001
3.5
5.5
6
0
000020

000002
3.25
2.75
5.25
1
000018

000003
1.5
0.5
6
1
000004

000004
5.5
5.75
6
2
000003

000005
5.25
6
5.75
0
000007

000006
6
6
6
0
0

000007
5.5
5.75
5.75
0
000005

000008
5.5
5.5
5.5
0
000011

000009
5.5
5.75
6
0
000010

000010
6
5.5
5.75
0
000009

000011
6
6
6
0
000008

000012
1.5
4.75
2.5
0
0

000013
1.5
2.75
3
0
000015

000014
5.75
5.5
6
0
000016

000015
6
5.75
5.5
0
000013

000016
4.5
4.75
4
0
00014

000017
3.5
2.75
3
0
000019

000018
5.5
5.75
6
0
000002

000019
2.5
3.75
3
0
000017

000020
4.5
4.75
5
0
000001
